gab=[0.0722,-0.963,-0.259,-5;0.954,-0.00868,0.298,-6.50;-0.290,-0.269,0.919,8.00;0,0,0,1];
qb0=[0,0.5,0]';vqb=[1.9,0.1,-0.3]';qb=5*vqb+qb0;
qb=[qb;1]
gab*qb
